%YAML:1.0
---
frameCount: 28
T1_0: !!opencv-matrix
   rows: 4
   cols: 4
   dt: d
   data: [ -3.2031565625475644e-01, -5.1688158828045694e-01,
       7.9387108780629945e-01, 6.1209949916803874e-01,
       -3.8391635290634435e-01, 8.3695154738214905e-01,
       3.9002607772521791e-01, 6.8842329550426673e-01,
       -8.6602893388683977e-01, -1.7984863366536499e-01,
       -4.6652797841021854e-01, 3.0319700035554520e-01, 0., 0., 0., 1. ]
T2_0: !!opencv-matrix
   rows: 4
   cols: 4
   dt: d
   data: [ 4.6949443362988463e-01, -1.9370897920853464e-01,
       8.6142429044260260e-01, -2.3782231975923107e-02,
       -8.3233829864247100e-01, -4.2262907136172823e-01,
       3.5860510963018905e-01, 6.2445847742416141e-02,
       2.9459791819276426e-01, -8.8535953115890198e-01,
       -3.5965339868070023e-01, 6.0712176937283335e-01, 0., 0., 0., 1. ]
T1_1: !!opencv-matrix
   rows: 4
   cols: 4
   dt: d
   data: [ -2.3765549475025050e-01, 5.5874329798866702e-02,
       9.6974116396311694e-01, 5.0469592064311930e-01,
       -1.3920176046016033e-01, 9.8608041744558061e-01,
       -9.0930084213871304e-02, 6.4240049629995521e-01,
       -9.6132342928891801e-01, -1.5659971136588041e-01,
       -2.2656962439902917e-01, 2.1349716614670536e-01, 0., 0., 0., 1. ]
T2_1: !!opencv-matrix
   rows: 4
   cols: 4
   dt: d
   data: [ -1.2122126813439049e-01, -1.8906709675786004e-01,
       9.7445319901750238e-01, -6.1209978218309036e-02,
       -9.7012516176635288e-01, -1.8526849389630895e-01,
       -1.5662935764792268e-01, 9.3008271464149223e-02,
       2.1014893447195415e-01, -9.6432837669175075e-01,
       -1.6096026605145441e-01, 4.8808736726827007e-01, 0., 0., 0., 1. ]
T1_2: !!opencv-matrix
   rows: 4
   cols: 4
   dt: d
   data: [ -2.3758455141369472e-01, 5.6056749610990733e-02,
       9.6974801972089830e-01, 5.0177979952160212e-01,
       -1.3926997874850533e-01, 9.8605326327853760e-01,
       -9.1119893531203547e-02, 7.0512255527108181e-01,
       -9.6133108445995030e-01, -1.5670546512740929e-01,
       -2.2646399989900812e-01, 1.9811977515864923e-01, 0., 0., 0., 1. ]
T2_2: !!opencv-matrix
   rows: 4
   cols: 4
   dt: d
   data: [ -1.2057268588392134e-01, -1.9017988195392393e-01,
       9.7431711465966198e-01, -1.2530985411600160e-01,
       -9.7216754246936388e-01, -1.7598631068634729e-01,
       -1.5465797043827406e-01, 9.8866503425516269e-02,
       2.0087930900870499e-01, -9.6584700183362382e-01,
       -1.6366756630800494e-01, 4.8268151624011946e-01, 0., 0., 0., 1. ]
T1_3: !!opencv-matrix
   rows: 4
   cols: 4
   dt: d
   data: [ -2.3746351250479791e-01, 5.5971535006630206e-02,
       9.6978258774731851e-01, 5.2752555645138810e-01,
       -1.3923433486982811e-01, 9.8606892622723830e-01,
       -9.1004795051787421e-02, 7.0506635341142687e-01,
       -9.6136615304588324e-01, -1.5663735186111527e-01,
       -2.2636223134546296e-01, 1.6989056328675572e-01, 0., 0., 0., 1. ]
T2_3: !!opencv-matrix
   rows: 4
   cols: 4
   dt: d
   data: [ -1.1991671337809384e-01, -1.8763316194259927e-01,
       9.7489167520910680e-01, -1.3156601507688154e-01,
       -9.7283148315532131e-01, -1.7367357659328730e-01,
       -1.5308949727239096e-01, 6.8974201014536329e-02,
       1.9803759045800856e-01, -9.6676330367506080e-01,
       -1.6170908271605589e-01, 4.5875225709797340e-01, 0., 0., 0., 1. ]
T1_4: !!opencv-matrix
   rows: 4
   cols: 4
   dt: d
   data: [ -6.3478237827798156e-01, -2.8660234916724828e-03,
       7.7268565286091251e-01, 8.0039673822017021e-01,
       1.0614725194306093e-01, 9.9018906140731089e-01,
       9.0875648961892236e-02, 6.2199184330562096e-01,
       -7.6536533311398802e-01, 1.3970471924260075e-01,
       -6.2825034682732994e-01, 3.0533788015070973e-01, 0., 0., 0., 1. ]
T2_4: !!opencv-matrix
   rows: 4
   cols: 4
   dt: d
   data: [ -5.0204499725426066e-02, 1.1172363180957423e-01,
       9.9247032111927580e-01, -2.2393088654986792e-01,
       -8.0852351595117100e-01, -5.8792046268809139e-01,
       2.5283467060061515e-02, 9.6384373618342456e-02,
       5.8631837116133090e-01, -8.0116624969346995e-01,
       1.1984743631310757e-01, 5.8083352185930459e-01, 0., 0., 0., 1. ]
T1_5: !!opencv-matrix
   rows: 4
   cols: 4
   dt: d
   data: [ -6.0497205715880376e-01, 1.9266977989367112e-01,
       7.7258473061067512e-01, 7.8766083492068728e-01,
       4.0491262646781162e-01, 9.0990013937921677e-01,
       9.0152655449633107e-02, 3.9236621553416184e-01,
       -6.8560526178259729e-01, 3.6736914986618852e-01,
       -6.2847858574704851e-01, 2.3941245775469105e-01, 0., 0., 0., 1. ]
T2_5: !!opencv-matrix
   rows: 4
   cols: 4
   dt: d
   data: [ -2.4514636335659845e-01, 3.2568981679498055e-01,
       9.1314259771904549e-01, -1.6981386792915923e-01,
       -8.0515676354064813e-01, -5.9304392597733480e-01,
       -4.6355135787091162e-03, 9.1165441427546692e-02,
       5.4002393156024442e-01, -7.3635931792667741e-01,
       4.0761392057285650e-01, 5.0448262468459204e-01, 0., 0., 0., 1. ]
T1_6: !!opencv-matrix
   rows: 4
   cols: 4
   dt: d
   data: [ -3.7121800208998335e-01, 7.8422920425741727e-01,
       4.9717376249566836e-01, 7.1719202692323181e-01,
       3.4827140897235292e-01, 6.1393731698968601e-01,
       -7.0836995736685360e-01, 4.1012878288119470e-01,
       -8.6075793380992616e-01, -8.9808273545837702e-02,
       -5.0102919414539371e-01, 2.0446604047597466e-01, 0., 0., 0., 1. ]
T2_6: !!opencv-matrix
   rows: 4
   cols: 4
   dt: d
   data: [ -8.1634597555709232e-01, -1.2188704370183673e-01,
       5.6455539743178973e-01, -1.4916677851338805e-02,
       -4.6503316616181484e-01, -4.4098255967195299e-01,
       -7.6764479835057209e-01, 5.3616061488950054e-02,
       3.4252503932013112e-01, -8.8920072573227205e-01,
       3.0331282003229543e-01, 4.8479004455409236e-01, 0., 0., 0., 1. ]
T1_7: !!opencv-matrix
   rows: 4
   cols: 4
   dt: d
   data: [ -2.4586047428505764e-01, 9.6561094526211766e-01,
       -8.4546611844153352e-02, 6.1093113750955141e-01,
       6.0648889778672543e-01, 8.5206614014868176e-02,
       -7.9051315598765592e-01, 3.0323777756373171e-01,
       -7.5612422527371070e-01, -2.4563252088866561e-01,
       -6.0658125641673899e-01, 1.4732572962581120e-01, 0., 0., 0., 1. ]
T2_7: !!opencv-matrix
   rows: 4
   cols: 4
   dt: d
   data: [ -9.6883231933240910e-01, -2.4703845442659211e-01,
       1.8328640197937729e-02, 1.1297924867233500e-01,
       1.2565734272030704e-01, -5.5386766149363820e-01,
       -8.2306794723888976e-01, 7.2815845085551389e-02,
       2.1348107465875324e-01, -7.9511170006866894e-01,
       5.6764708682107656e-01, 4.0878073559550526e-01, 0., 0., 0., 1. ]
T1_8: !!opencv-matrix
   rows: 4
   cols: 4
   dt: d
   data: [ -2.4588501821043884e-01, 9.6559840387843232e-01,
       -8.4618439167103099e-02, 6.0682668814967056e-01,
       6.0656712290040027e-01, 8.5189349700559358e-02,
       -7.9045499562842092e-01, 2.2934751584884500e-01,
       -7.5605349231121433e-01, -2.4568780418453862e-01,
       -6.0664703052021718e-01, 1.4570734775704894e-01, 0., 0., 0., 1. ]
T2_8: !!opencv-matrix
   rows: 4
   cols: 4
   dt: d
   data: [ -9.6792355791819928e-01, -2.5042641446118330e-01,
       2.0263192421002635e-02, 1.2322842573166531e-01,
       1.2924760146401668e-01, -5.6546675634066146e-01,
       -8.1458112241161740e-01, 1.0814736133299141e-02,
       2.1545079146471854e-01, -7.8583328919923423e-01,
       5.7969560809405762e-01, 4.4879742069125939e-01, 0., 0., 0., 1. ]
T1_9: !!opencv-matrix
   rows: 4
   cols: 4
   dt: d
   data: [ 3.6334362904777562e-01, 2.6124540581963351e-01,
       -8.9427749897250985e-01, 4.7896379069845413e-01,
       2.6468126143403353e-02, -9.6238742108325082e-01,
       -2.7038840588898561e-01, 4.0268330524875262e-01,
       -9.3127914479432505e-01, 7.4574054998135353e-02,
       -3.5659201448193678e-01, 9.2937609818280212e-02, 0., 0., 0., 1. ]
