%YAML:1.0
---
frameCount: 28
T1_0: !!opencv-matrix
   rows: 4
   cols: 4
   dt: d
   data: [ -3.2031565625475644e-01, -5.1688158828045694e-01,
       7.9387108780629945e-01, 6.1209949916803874e-01,
       -3.8391635290634435e-01, 8.3695154738214905e-01,
       3.9002607772521791e-01, 6.8842329550426673e-01,
       -8.6602893388683977e-01, -1.7984863366536499e-01,
       -4.6652797841021854e-01, 3.0319700035554520e-01, 0., 0., 0., 1. ]
T2_0: !!opencv-matrix
   rows: 4
   cols: 4
   dt: d
   data: [ 4.6949443362988463e-01, -1.9370897920853464e-01,
       8.6142429044260260e-01, -2.3782231975923107e-02,
       -8.3233829864247100e-01, -4.2262907136172823e-01,
       3.5860510963018905e-01, 6.2445847742416141e-02,
       2.9459791819276426e-01, -8.8535953115890198e-01,
       -3.5965339868070023e-01, 6.0712176937283335e-01, 0., 0., 0., 1. ]
T1_1: !!opencv-matrix
   rows: 4
   cols: 4
   dt: d
   data: [ -2.3765549475025050e-01, 5.5874329798866702e-02,
       9.6974116396311694e-01, 5.0469592064311930e-01,
       -1.3920176046016033e-01, 9.8608041744558061e-01,
       -9.0930084213871304e-02, 6.4240049629995521e-01,
       -9.6132342928891801e-01, -1.5659971136588041e-01,
       -2.2656962439902917e-01, 2.1349716614670536e-01, 0., 0., 0., 1. ]
T2_1: !!opencv-matrix
   rows: 4
   cols: 4
   dt: d
   data: [ -1.2122126813439049e-01, -1.8906709675786004e-01,
       9.7445319901750238e-01, -6.1209978218309036e-02,
       -9.7012516176635288e-01, -1.8526849389630895e-01,
       -1.5662935764792268e-01, 9.3008271464149223e-02,
       2.1014893447195415e-01, -9.6432837669175075e-01,
       -1.6096026605145441e-01, 4.8808736726827007e-01, 0., 0., 0., 1. ]
T1_2: !!opencv-matrix
   rows: 4
   cols: 4
   dt: d
   data: [ -2.3758455141369472e-01, 5.6056749610990733e-02,
       9.6974801972089830e-01, 5.0177979952160212e-01,
       -1.3926997874850533e-01, 9.8605326327853760e-01,
       -9.1119893531203547e-02, 7.0512255527108181e-01,
       -9.6133108445995030e-01, -1.5670546512740929e-01,
       -2.2646399989900812e-01, 1.9811977515864923e-01, 0., 0., 0., 1. ]
T2_2: !!opencv-matrix
   rows: 4
   cols: 4
   dt: d
   data: [ -1.2057268588392134e-01, -1.9017988195392393e-01,
       9.7431711465966198e-01, -1.2530985411600160e-01,
       -9.7216754246936388e-01, -1.7598631068634729e-01,
       -1.5465797043827406e-01, 9.8866503425516269e-02,
       2.0087930900870499e-01, -9.6584700183362382e-01,
       -1.6366756630800494e-01, 4.8268151624011946e-01, 0., 0., 0., 1. ]
T1_3: !!opencv-matrix
   rows: 4
   cols: 4
   dt: d
   data: [ -2.3746351250479791e-01, 5.5971535006630206e-02,
       9.6978258774731851e-01, 5.2752555645138810e-01,
       -1.3923433486982811e-01, 9.8606892622723830e-01,
       -9.1004795051787421e-02, 7.0506635341142687e-01,
       -9.6136615304588324e-01, -1.5663735186111527e-01,
       -2.2636223134546296e-01, 1.6989056328675572e-01, 0., 0., 0., 1. ]
T2_3: !!opencv-matrix
   rows: 4
   cols: 4
   dt: d
   data: [ -1.1991671337809384e-01, -1.8763316194259927e-01,
       9.7489167520910680e-01, -1.3156601507688154e-01,
       -9.7283148315532131e-01, -1.7367357659328730e-01,
       -1.5308949727239096e-01, 6.8974201014536329e-02,
       1.9803759045800856e-01, -9.6676330367506080e-01,
       -1.6170908271605589e-01, 4.5875225709797340e-01, 0., 0., 0., 1. ]
T1_4: !!opencv-matrix
   rows: 4
   cols: 4
   dt: d
   data: [ -6.3478237827798156e-01, -2.8660234916724828e-03,
       7.7268565286091251e-01, 8.0039673822017021e-01,
       1.0614725194306093e-01, 9.9018906140731089e-01,
       9.0875648961892236e-02, 6.2199184330562096e-01,
       -7.6536533311398802e-01, 1.3970471924260075e-01,
       -6.2825034682732994e-01, 3.0533788015070973e-01, 0., 0., 0., 1. ]
T2_4: !!opencv-matrix
   rows: 4
   cols: 4
   dt: d
   data: [ -5.0204499725426066e-02, 1.1172363180957423e-01,
       9.9247032111927580e-01, -2.2393088654986792e-01,
       -8.0852351595117100e-01, -5.8792046268809139e-01,
       2.5283467060061515e-02, 9.6384373618342456e-02,
       5.8631837116133090e-01, -8.0116624969346995e-01,
       1.1984743631310757e-01, 5.8083352185930459e-01, 0., 0., 0., 1. ]
T1_5: !!opencv-matrix
   rows: 4
   cols: 4
   dt: d
   data: [ -6.0497205715880376e-01, 1.9266977989367112e-01,
       7.7258473061067512e-01, 7.8766083492068728e-01,
       4.0491262646781162e-01, 9.0990013937921677e-01,
       9.0152655449633107e-02, 3.9236621553416184e-01,
       -6.8560526178259729e-01, 3.6736914986618852e-01,
       -6.2847858574704851e-01, 2.3941245775469105e-01, 0., 0., 0., 1. ]
T2_5: !!opencv-matrix
   rows: 4
   cols: 4
   dt: d
   data: [ -2.4514636335659845e-01, 3.2568981679498055e-01,
       9.1314259771904549e-01, -1.6981386792915923e-01,
       -8.0515676354064813e-01, -5.9304392597733480e-01,
       -4.6355135787091162e-03, 9.1165441427546692e-02,
       5.4002393156024442e-01, -7.3635931792667741e-01,
       4.0761392057285650e-01, 5.0448262468459204e-01, 0., 0., 0., 1. ]
T1_6: !!opencv-matrix
   rows: 4
   cols: 4
   dt: d
   data: [ -3.7121800208998335e-01, 7.8422920425741727e-01,
       4.9717376249566836e-01, 7.1719202692323181e-01,
       3.4827140897235292e-01, 6.1393731698968601e-01,
       -7.0836995736685360e-01, 4.1012878288119470e-01,
       -8.6075793380992616e-01, -8.9808273545837702e-02,
       -5.0102919414539371e-01, 2.0446604047597466e-01, 0., 0., 0., 1. ]
T2_6: !!opencv-matrix
   rows: 4
   cols: 4
   dt: d
   data: [ -8.1634597555709232e-01, -1.2188704370183673e-01,
       5.6455539743178973e-01, -1.4916677851338805e-02,
       -4.6503316616181484e-01, -4.4098255967195299e-01,
       -7.6764479835057209e-01, 5.3616061488950054e-02,
       3.4252503932013112e-01, -8.8920072573227205e-01,
       3.0331282003229543e-01, 4.8479004455409236e-01, 0., 0., 0., 1. ]
T1_7: !!opencv-matrix
   rows: 4
   cols: 4
   dt: d
   data: [ -2.4586047428505764e-01, 9.6561094526211766e-01,
       -8.4546611844153352e-02, 6.1093113750955141e-01,
       6.0648889778672543e-01, 8.5206614014868176e-02,
       -7.9051315598765592e-01, 3.0323777756373171e-01,
       -7.5612422527371070e-01, -2.4563252088866561e-01,
       -6.0658125641673899e-01, 1.4732572962581120e-01, 0., 0., 0., 1. ]
T2_7: !!opencv-matrix
   rows: 4
   cols: 4
   dt: d
   data: [ -9.6883231933240910e-01, -2.4703845442659211e-01,
       1.8328640197937729e-02, 1.1297924867233500e-01,
       1.2565734272030704e-01, -5.5386766149363820e-01,
       -8.2306794723888976e-01, 7.2815845085551389e-02,
       2.1348107465875324e-01, -7.9511170006866894e-01,
       5.6764708682107656e-01, 4.0878073559550526e-01, 0., 0., 0., 1. ]
T1_8: !!opencv-matrix
   rows: 4
   cols: 4
   dt: d
   data: [ -2.4588501821043884e-01, 9.6559840387843232e-01,
       -8.4618439167103099e-02, 6.0682668814967056e-01,
       6.0656712290040027e-01, 8.5189349700559358e-02,
       -7.9045499562842092e-01, 2.2934751584884500e-01,
       -7.5605349231121433e-01, -2.4568780418453862e-01,
       -6.0664703052021718e-01, 1.4570734775704894e-01, 0., 0., 0., 1. ]
T2_8: !!opencv-matrix
   rows: 4
   cols: 4
   dt: d
   data: [ -9.6792355791819928e-01, -2.5042641446118330e-01,
       2.0263192421002635e-02, 1.2322842573166531e-01,
       1.2924760146401668e-01, -5.6546675634066146e-01,
       -8.1458112241161740e-01, 1.0814736133299141e-02,
       2.1545079146471854e-01, -7.8583328919923423e-01,
       5.7969560809405762e-01, 4.4879742069125939e-01, 0., 0., 0., 1. ]
T1_9: !!opencv-matrix
   rows: 4
   cols: 4
   dt: d
   data: [ 3.6334362904777562e-01, 2.6124540581963351e-01,
       -8.9427749897250985e-01, 4.7896379069845413e-01,
       2.6468126143403353e-02, -9.6238742108325082e-01,
       -2.7038840588898561e-01, 4.0268330524875262e-01,
       -9.3127914479432505e-01, 7.4574054998135353e-02,
       -3.5659201448193678e-01, 9.2937609818280212e-02, 0., 0., 0., 1. ]
T2_9: !!opencv-matrix
   rows: 4
   cols: 4
   dt: d
   data: [ -2.0205330478782368e-01, 5.4375826258157345e-02,
       -9.7786386145672721e-01, -4.3544015008277176e-02,
       9.2977562126810964e-01, -3.0306608072324392e-01,
       -2.0896948296474488e-01, -3.7047472058437912e-02,
       -3.0772025627153554e-01, -9.5141695393439085e-01,
       1.0678185538079754e-02, 3.6449631872136223e-01, 0., 0., 0., 1. ]
T1_10: !!opencv-matrix
   rows: 4
   cols: 4
   dt: d
   data: [ 5.1807975995489453e-01, -5.0905488801670928e-01,
       -6.8735469978125163e-01, 3.9041038105217374e-01,
       -2.1705846460870001e-01, -8.5555164164610487e-01,
       4.7001809690518181e-01, 5.8689809645265201e-01,
       -8.2733245147690937e-01, -9.4310707043000597e-02,
       -5.5373866152749063e-01, 1.8266856415469329e-01, 0., 0., 0., 1. ]
T2_10: !!opencv-matrix
   rows: 4
   cols: 4
   dt: d
   data: [ 5.6637521225369059e-01, -9.2783904629955449e-02,
       -8.1890797162209039e-01, 9.1292808315014934e-02,
       6.8925619126180360e-01, -4.9141961987566396e-01,
       5.3238394041192705e-01, 6.8429731112887315e-04,
       -4.5182410488137870e-01, -8.6596645676543238e-01,
       -2.1437601079706559e-01, 4.8601897833802599e-01, 0., 0., 0., 1. ]
T1_11: !!opencv-matrix
   rows: 4
   cols: 4
   dt: d
   data: [ 2.3459211327375074e-01, -7.6553695063589067e-01,
       -5.9909908829913761e-01, 5.1655676579555043e-01,
       -3.2326214647280516e-01, -6.4265838001428310e-01,
       6.9461629066356645e-01, 7.0563901056689782e-01,
       -9.1677048657095761e-01, 3.0714553692339830e-02,
       -3.9823170534743979e-01, 2.3008869136274493e-01, 0., 0., 0., 1. ]
T2_11: !!opencv-matrix
   rows: 4
   cols: 4
   dt: d
   data: [ 8.0672719945954097e-01, 3.9161399775729744e-02,
       -5.8962497438606809e-01, 1.2506678586420553e-01,
       5.6659509932188223e-01, -3.3462168811717863e-01,
       7.5299290784577511e-01, -8.5289395079093777e-02,
       -1.6781304799267671e-01, -9.4153848068425483e-01,
       -2.9213707452870907e-01, 5.4836838956752387e-01, 0., 0., 0., 1. ]
T1_12: !!opencv-matrix
   rows: 4
   cols: 4
   dt: d
   data: [ -1.3306600605247354e-03, -9.9577207281312163e-01,
       9.1848834229198761e-02, 4.9661864246052112e-01,
       -3.9147948496472079e-01, 8.5036874023985187e-02,
       9.1624917075432377e-01, 7.0431744499335469e-01,
       -9.2018587372093497e-01, -3.4737718141645058e-02,
       -3.8993749337906891e-01, 1.5168723110942386e-01, 0., 0., 0., 1. ]
T2_12: !!opencv-matrix
   rows: 4
   cols: 4
   dt: d
   data: [ 9.8883487073069765e-01, -3.4001656868169847e-02,
       1.4508440907700518e-01, -4.9006051228707187e-02,
       -1.4788983926170080e-01, -3.4336563816882704e-01,
       9.2748511253176591e-01, -1.3197931992914927e-01,
       1.8280970164432031e-02, -9.3858613129277246e-01,
       -3.4456041600090082e-01, 4.7753411726515033e-01, 0., 0., 0., 1. ]
T1_13: !!opencv-matrix
   rows: 4
   cols: 4
   dt: d
   data: [ -2.0498994138559623e-01, -8.9853767714897093e-01,
       3.8808396858729122e-01, 6.0443085880297165e-01,
       -4.3937866843385909e-01, 4.3878617387736374e-01,
       7.8384506079923266e-01, 7.2193611383190759e-01,
       -8.7460019989479698e-01, -9.8354642897879319e-03,
       -4.8474504018729858e-01, 2.7867992988786172e-01, 0., 0., 0., 1. ]
T2_13: !!opencv-matrix
   rows: 4
   cols: 4
   dt: d
   data: [ 8.7153092270720789e-01, -1.0607655890174067e-02,
       4.9022579328472549e-01, -4.8726077529576979e-02,
       -4.4357441252203111e-01, -4.4316408926557149e-01,
       7.7900406323789562e-01, -3.3084481124373392e-02,
       2.0898706017564272e-01, -8.9637774828580619e-01,
       -3.9093649235804295e-01, 6.0946109989216579e-01, 0., 0., 0., 1. ]
T1_14: !!opencv-matrix
   rows: 4
   cols: 4
   dt: d
   data: [ -4.8216250649580394e-01, -5.7956630204440240e-01,
       6.5697961830201401e-01, 7.3618618346054332e-01,
       -3.5780770061147460e-01, 8.1478481191156193e-01,
       4.5617908726877210e-01, 6.6470580638085497e-01,
       -7.9968304140628921e-01, -1.5119914444768623e-02,
       -6.0023197305239395e-01, 3.1962475416248959e-01, 0., 0., 0., 1. ]
T2_14: !!opencv-matrix
   rows: 4
   cols: 4
   dt: d
   data: [ 5.3152370813229544e-01, -1.6560517912995065e-02,
       8.4688151292831271e-01, -3.1959398636834432e-02,
       -7.0861991326052920e-01, -5.5643304485421741e-01,
       4.3386643696523108e-01, 7.8399922608961226e-02,
       4.6404780596823714e-01, -8.3072740164311309e-01,
       -3.0749246809531350e-01, 6.3471558062091482e-01, 0., 0., 0., 1. ]
T1_15: !!opencv-matrix
   rows: 4
   cols: 4
   dt: d
   data: [ -5.6562862598039976e-01, -4.9887352111775141e-01,
       6.5665018647610363e-01, 8.3220590013412887e-01,
       -2.2840001795386813e-01, 8.5988763099094434e-01,
       4.5653772447351409e-01, 5.7630762818498504e-01,
       -7.9239995536988639e-01, 1.0825189142161912e-01,
       -6.0031978039495271e-01, 2.7482336045020206e-01, 0., 0., 0., 1. ]
T2_15: !!opencv-matrix
   rows: 4
   cols: 4
   dt: d
   data: [ 4.4295107560431379e-01, 1.1211143106526694e-01,
       8.8950850004116289e-01, -9.0153234230956718e-03,
       -7.0647273996828774e-01, -5.6720298858670226e-01,
       4.2329308690316864e-01, 2.9620575763988605e-02,
       5.5198787332937105e-01, -8.1591163538879097e-01,
       -1.7203950399401613e-01, 6.1101252804275452e-01, 0., 0., 0., 1. ]
T1_16: !!opencv-matrix
   rows: 4
   cols: 4
   dt: d
   data: [ -6.2377932168351413e-01, 1.3679318650477573e-01,
       7.6953686199292948e-01, 7.7329225648815214e-01,
       2.7084775301660875e-02, 9.8775725812026738e-01,
       -1.5362946975626163e-01, 4.9418872173270190e-01,
       -7.8113108553360866e-01, -7.4988153441735095e-02,
       -6.1984756517750816e-01, 3.1076563693210768e-01, 0., 0., 0., 1. ]
T2_16: !!opencv-matrix
   rows: 4
   cols: 4
   dt: d
   data: [ -1.9639547238447652e-01, -9.2363892094656452e-02,
       9.7616480671247563e-01, 1.4505029942491560e-02,
       -7.9405595090633252e-01, -5.6907744391404069e-01,
       -2.1360245705164937e-01, 1.3552680466636061e-01,
       5.7524252733705150e-01, -8.1708002929051460e-01,
       3.8422135254216228e-02, 5.8874828031124249e-01, 0., 0., 0., 1. ]
T1_17: !!opencv-matrix
   rows: 4
   cols: 4
   dt: d
   data: [ -5.8545705924882441e-01, 5.9826067454507825e-01,
       5.4710528883258536e-01, 8.1751622873404362e-01,
       1.6962220743010373e-01, 7.5031087964472531e-01,
       -6.3895374686537165e-01, 4.9108796322922166e-01,
       -7.9275995012504108e-01, -2.8127877484735053e-01,
       -5.4075309735415855e-01, 2.6863658065091833e-01, 0., 0., 0., 1. ]
T2_17: !!opencv-matrix
   rows: 4
   cols: 4
   dt: d
   data: [ -6.3300738947624779e-01, -3.0924747888021159e-01,
       7.0969545699172976e-01, 2.4098656726912686e-02,
       -5.3606338102957785e-01, -4.8629457038129043e-01,
       -6.9003887016371368e-01, 9.6937609689935436e-02,
       5.5851382828682450e-01, -8.1724145001578941e-01,
       1.4205180741013423e-01, 5.7316553827371242e-01, 0., 0., 0., 1. ]
T1_18: !!opencv-matrix
   rows: 4
   cols: 4
   dt: d
   data: [ -2.6653821969388081e-01, 8.0057950925348176e-01,
       5.3668410336609629e-01, 7.6985541792089340e-01,
       2.9428267437424865e-01, 5.9783547645231117e-01,
       -7.4564767193237980e-01, 3.6302520875622646e-01,
       -9.1779904391187750e-01, -4.0806769763022999e-02,
       -3.9494268259578025e-01, 4.5089400736792606e-01, 0., 0., 0., 1. ]
T2_18: !!opencv-matrix
   rows: 4
   cols: 4
   dt: d
   data: [ -8.3485979526461973e-01, -7.1975237123664326e-02,
       5.4573682988388228e-01, -4.5933961359166123e-02,
       -4.9313128758061558e-01, -3.4275211216559853e-01,
       -7.9958897116900307e-01, 3.9159129061008598e-03,
       2.4460305693061446e-01, -9.3666459036680416e-01,
       2.5065671683237500e-01, 7.7341843053804382e-01, 0., 0., 0., 1. ]
T1_19: !!opencv-matrix
   rows: 4
   cols: 4
   dt: d
   data: [ -1.1548231692757582e-01, 9.5146488630272275e-01,
       2.8526900394186860e-01, 6.6651079843038652e-01,
       -1.8268839812074944e-02, 2.8510740035329218e-01,
       -9.5832145950912961e-01, 6.1406415555799954e-01,
       -9.9314152262855249e-01, -1.1588071624189461e-01,
       -1.5542703571317595e-02, 4.8980821749098458e-01, 0., 0., 0., 1. ]
T2_19: !!opencv-matrix
   rows: 4
   cols: 4
   dt: d
   data: [ -9.6397186849743344e-01, -1.5171047017124581e-01,
       2.1849981690149298e-01, -1.6789460299622319e-02,
       -2.2722537207238011e-01, 4.2567240578078147e-02,
       -9.7291143498066479e-01, 2.0113745409757232e-03,
       1.3829991696358626e-01, -9.8750795605401953e-01,
       -7.5506090468766773e-02, 8.0835722407613164e-01, 0., 0., 0., 1. ]
T1_20: !!opencv-matrix
   rows: 4
   cols: 4
   dt: d
   data: [ -3.8357477168148968e-02, 6.3231611899704043e-01,
       7.7376031792914746e-01, 4.2861646687734128e-01,
       -2.7240973525378520e-01, 7.3838526171962648e-01,
       -6.1691177765884930e-01, 7.4448909569237653e-01,
       -9.6141647587518353e-01, -2.3444302278327539e-01,
       1.4392647075497633e-01, 1.8382656853134277e-01, 0., 0., 0., 1. ]
T2_20: !!opencv-matrix
   rows: 4
   cols: 4
   dt: d
   data: [ -6.7506184660850810e-01, -2.6486689529490459e-01,
       6.8857608949944638e-01, 2.3241634990071550e-02,
       -7.3706985031347150e-01, 2.0173534512914115e-01,
       -6.4500456299510245e-01, 8.9930257241297273e-02,
       3.1930220988714286e-02, -9.4294664658317995e-01,
       -3.3140923747709206e-01, 5.2549520960225793e-01, 0., 0., 0., 1. ]
T1_21: !!opencv-matrix
   rows: 4
   cols: 4
   dt: d
   data: [ -3.9684550557607778e-02, 7.4876376765930397e-01,
       6.6164790990955624e-01, 4.9914719750225389e-01,
       -4.6803473030010534e-01, 5.7110712805415731e-01,
       -6.7437388703792489e-01, 9.0699779306512052e-01,
       -8.8281857008104891e-01, -3.3643642568303467e-01,
       3.2778331835783792e-01, 1.9405147442665746e-01, 0., 0., 0., 1. ]
T2_21: !!opencv-matrix
   rows: 4
   cols: 4
   dt: d
   data: [ -7.8001144028824143e-01, -3.6223302875116070e-01,
       5.1026403547695165e-01, 9.9041301897031343e-05,
       -6.2380919777243526e-01, 3.8568579126886204e-01,
       -6.7978566856607270e-01, 4.7103134195295326e-02,
       4.9439233347350453e-02, -8.4854799704853023e-01,
       -5.2680362461827634e-01, 6.3290165528375109e-01, 0., 0., 0., 1. ]
T1_22: !!opencv-matrix
   rows: 4
   cols: 4
   dt: d
   data: [ -2.2799127913335715e-01, 9.7038975512208425e-01,
       7.9772801086819556e-02, 5.4597390714653782e-01,
       -1.9265046641082140e-01, 3.5351785349337916e-02,
       -9.8063043449829124e-01, 8.7770390527621400e-01,
       -9.5441383813879654e-01, -2.3894345445463855e-01,
       1.7888614016310878e-01, 3.7832395979336786e-01, 0., 0., 0., 1. ]
T2_22: !!opencv-matrix
   rows: 4
   cols: 4
   dt: d
   data: [ -9.6657801856719194e-01, -2.5468538509571792e-01,
       -2.9364751682366824e-02, 2.0326192504500465e-01,
       -3.7989051237091356e-02, 2.5555886315870457e-01,
       -9.6604684122827922e-01, 1.5895214491545737e-01,
       2.5354243433560952e-01, -9.3264410258129882e-01,
       -2.5669283572296431e-01, 7.2886850493405364e-01, 0., 0., 0., 1. ]
T1_23: !!opencv-matrix
   rows: 4
   cols: 4
   dt: d
   data: [ -9.7808260709615791e-02, 9.9198035216273839e-01,
       8.0053263893793580e-02, 5.6038009848413639e-01,
       -1.8631526256767422e-01, 6.0765102752090350e-02,
       -9.8060910928966316e-01, 6.9624102498732265e-01,
       -9.7760941437329585e-01, -1.1082681629739888e-01,
       1.7887775076315149e-01, 4.1240649613969127e-01, 0., 0., 0., 1. ]
T2_23: !!opencv-matrix
   rows: 4
   cols: 4
   dt: d
   data: [ -9.9247733094511492e-01, -1.2172838329055659e-01,
       -1.3074718411080162e-02, 9.9958901532779934e-02,
       -2.1696351706482389e-02, 2.7998178796355166e-01,
       -9.5976010894981545e-01, -2.8354311168900029e-02,
       1.2049072944708367e-01, -9.5225647758899512e-01,
       -2.8051663944784044e-01, 7.3634538645913605e-01, 0., 0., 0., 1. ]
T1_24: !!opencv-matrix
   rows: 4
   cols: 4
   dt: d
   data: [ -6.0552571959676071e-01, -1.8963541152385016e-01,
       7.7290168430596984e-01, 7.9914108778399107e-01,
       -1.9050238316221585e-01, 9.7749833109001427e-01,
       9.0586172928064632e-02, 6.2282827349925463e-01,
       -7.7268845268733066e-01, -9.2387355262594936e-02,
       -6.2802637816515450e-01, 3.0386141745278528e-01, 0., 0., 0., 1. ]
T2_24: !!opencv-matrix
   rows: 4
   cols: 4
   dt: d
   data: [ 1.3063170733959217e-01, -1.0165000229787841e-01,
       9.8620618233226698e-01, -2.7557644684633953e-02,
       -8.1118499737819461e-01, -5.8286778111830762e-01,
       4.7371402372735516e-02, 9.4188113584136868e-02,
       5.7001250606112297e-01, -8.0618386660058050e-01,
       -1.5859797024822253e-01, 6.2764432652338975e-01, 0., 0., 0., 1. ]
T1_25: !!opencv-matrix
   rows: 4
   cols: 4
   dt: d
   data: [ -3.5952157018987463e-01, 5.6484387049146600e-02,
       9.3142565703758085e-01, 6.8527842736186395e-01,
       -1.9690217541827354e-01, 9.7109911645869107e-01,
       -1.3489269560914341e-01, 6.0346035078387772e-01,
       -9.1212596382504019e-01, -2.3189657184363849e-01,
       -3.3800918047208395e-01, 2.2939502035169715e-01, 0., 0., 0., 1. ]
T2_25: !!opencv-matrix
   rows: 4
   cols: 4
   dt: d
   data: [ -1.1453325775560819e-01, -2.4985337091977472e-01,
       9.6148605081296579e-01, 1.5080278891245856e-02,
       -9.3340241749067232e-01, -3.0424503900511812e-01,
       -1.9024952894381331e-01, -9.8616588966429740e-03,
       3.4006184715497867e-01, -9.1924330254878650e-01,
       -1.9836756496147334e-01, 5.3020115574895210e-01, 0., 0., 0., 1. ]
T1_26: !!opencv-matrix
   rows: 4
   cols: 4
   dt: d
   data: [ -2.7715136549164954e-01, 8.2341256351738590e-01,
       4.9515540070551611e-01, 6.9499520125397385e-01,
       -2.0229677685285774e-02, 5.1022835114185439e-01,
       -8.5980101758012228e-01, 6.5735285154447398e-01,
       -9.6061328366146537e-01, -2.4831186023384211e-01,
       -1.2475311346954610e-01, 1.8126646450420350e-01, 0., 0., 0., 1. ]
T2_26: !!opencv-matrix
   rows: 4
   cols: 4
   dt: d
   data: [ -8.4392537267221046e-01, -2.9660425447050265e-01,
       4.4700769746176483e-01, -4.8884488170941640e-02,
       -4.4670602717899133e-01, -7.2871112243983127e-02,
       -8.9170820691652686e-01, 6.1073148079939805e-02,
       2.9705839601336570e-01, -9.5221621348847163e-01,
       -7.0997127601363230e-02, 4.8076518258949197e-01, 0., 0., 0., 1. ]
T1_27: !!opencv-matrix
   rows: 4
   cols: 4
   dt: d
   data: [ -8.3124208195957783e-02, 9.9612229088333382e-01,
       -2.8822692746062750e-02, 6.4038574426678974e-01,
       3.8747355455582033e-01, 5.6597926190742331e-03,
       -9.2186344502175965e-01, 4.0513399975935149e-01,
       -9.1812559627301149e-01, -8.7797200142418874e-02,
       -3.8644151060086607e-01, 4.4950554414239702e-02, 0., 0., 0., 1. ]
T2_27: !!opencv-matrix
   rows: 4
   cols: 4
   dt: d
   data: [ -9.9099214108565614e-01, -1.2023376683081394e-01,
       -5.8978111364650046e-02, -1.5092032802576460e-02,
       9.6131653025071900e-02, -3.3204954772662343e-01,
       -9.3835057581972658e-01, 2.4828061930765939e-03,
       9.3237769134266499e-02, -9.3556770955832946e-01,
       3.4061676300300714e-01, 3.0586210028721456e-01, 0., 0., 0., 1. ]
