image_width: 640
image_height: 480
camera_name: rgb_PS1080_PrimeSense
camera_matrix:
  rows: 3
  cols: 3
  data: [541.463968, 0.000000, 324.214358, 0.000000, 540.975602, 239.696911, 0.000000, 0.000000, 1.000000]
distortion_model: plumb_bob
distortion_coefficients:
  rows: 1
  cols: 5
  data: [0.047670, -0.118341, 0.000883, -0.000710, 0.000000]
rectification_matrix:
  rows: 3
  cols: 3
  data: [1.000000, 0.000000, 0.000000, 0.000000, 1.000000, 0.000000, 0.000000, 0.000000, 1.000000]
projection_matrix:
  rows: 3
  cols: 4
  data: [542.701660, 0.000000, 323.907172, 0.000000, 0.000000, 543.672119, 239.987514, 0.000000, 0.000000, 0.000000, 1.000000, 0.000000]
