image_width: 640
image_height: 480
camera_name: rgb_PS1080_PrimeSense
camera_matrix:
  rows: 3
  cols: 3
  data: [542.176347, 0.000000, 317.446712, 0.000000, 542.631046, 241.541485, 0.000000, 0.000000, 1.000000]
distortion_model: plumb_bob
distortion_coefficients:
  rows: 1
  cols: 5
  data: [0.045418, -0.135304, -0.000079, 0.001685, 0.000000]
rectification_matrix:
  rows: 3
  cols: 3
  data: [1.000000, 0.000000, 0.000000, 0.000000, 1.000000, 0.000000, 0.000000, 0.000000, 1.000000]
projection_matrix:
  rows: 3
  cols: 4
  data: [541.856506, 0.000000, 318.345755, 0.000000, 0.000000, 544.798828, 241.523240, 0.000000, 0.000000, 0.000000, 1.000000, 0.000000]
