image_width: 640
image_height: 480
camera_name: depth_PS1080_PrimeSense
camera_matrix:
  rows: 3
  cols: 3
  data: [572.005459, 0.000000, 323.274896, 0.000000, 572.930785, 242.761275, 0.000000, 0.000000, 1.000000]
distortion_model: plumb_bob
distortion_coefficients:
  rows: 1
  cols: 5
  data: [-0.028131, 0.015157, 0.000645, 0.002383, 0.000000]
rectification_matrix:
  rows: 3
  cols: 3
  data: [1.000000, 0.000000, 0.000000, 0.000000, 1.000000, 0.000000, 0.000000, 0.000000, 1.000000]
projection_matrix:
  rows: 3
  cols: 4
  data: [567.695862, 0.000000, 324.628657, 0.000000, 0.000000, 570.472046, 242.987598, 0.000000, 0.000000, 0.000000, 1.000000, 0.000000]
