image_width: 640
image_height: 480
camera_name: depth_PS1080_PrimeSense
camera_matrix:
  rows: 3
  cols: 3
  data: [567.767416, 0.000000, 317.999027, 0.000000, 568.195380, 246.196022, 0.000000, 0.000000, 1.000000]
distortion_model: plumb_bob
distortion_coefficients:
  rows: 1
  cols: 5
  data: [-0.020869, 0.002533, -0.000546, -0.000719, 0.000000]
rectification_matrix:
  rows: 3
  cols: 3
  data: [1.000000, 0.000000, 0.000000, 0.000000, 1.000000, 0.000000, 0.000000, 0.000000, 1.000000]
projection_matrix:
  rows: 3
  cols: 4
  data: [564.097778, 0.000000, 317.574925, 0.000000, 0.000000, 566.123901, 246.072454, 0.000000, 0.000000, 0.000000, 1.000000, 0.000000]
